-4990
-5065,25
-5141
-5217,25
-5294
-5371,25
-5449
-5527,25
-5606
-5685,25
-5765
-5845,25
-5926
-6007,25
-6089
-6171,25
-6254
-6337,25
-6421
-6505,25
-6590
-6675,25
-6761
-6847,25
-6934
-7021,25
-7109
-7197,25
-7286
-7375,25
-7465
-7555,25
-7646
-7737,25
-7829
-7921,25
-8014
-8107,25
-8201
-8295,25
-8390
-8485,25
-8581
-8677,25
-8774
-8871,25
-8969
-9067,25
-9166
-9265,25
-9365
-9465,25
-9566
-9667,25
-9769
-9871,25
-9974
-10077,25
-10181
-10285,25
-10390
-10495,25
-10601
-10707,25
-10814
-10921,25
-11029
-11137,25
-11246
-11355,25
-11465
-11575,25
-11686
-11797,25
-11909
-12021,25
-12134
-12247,25
-12361
-12475,25
-12590
-12705,25
-12821
-12937,25
-13054
-13171,25
-13289
-13407,25
-13526
-13645,25
-13765
-13885,25
-14006
-14127,25
-14249
-14371,25
-14494
-14617,25
-14741
-14865,25
-14990
-15115,25
-15241
-15367,25
-15494
-15621,25
-15749
-15877,25
-16006
-16135,25
-16265
-16395,25
-16526
-16657,25
-16789
-16921,25
-17054
-17187,25
-17321
-17455,25
-17590
-17725,25
-17861
-17997,25
-18134
-18271,25
-18409
-18547,25
-18686
-18825,25
-18965
-19105,25
-19246
-19387,25
-19529
-19671,25
-19814
-19957,25
-20101
-20245,25
-20390
-20535,25
-20681
-20827,25
-20974
-21121,25
-21269
-21417,25
-21566
-21715,25
-21865
-22015,25
-22166
-22317,25
-22469
-22621,25
-22774
-22927,25
-23081
-23235,25
-23390
-23545,25
-23701
-23857,25
-24014
-24171,25
-24329
-24487,25
-24646
-24805,25
-24965
-25125,25
-25286
-25447,25
-25609
-25771,25
-25934
-26097,25
-26261
-26425,25
-26590
-26755,25
-26921
-27087,25
-27254
-27421,25
-27589
-27757,25
-27926
-28095,25
-28265
-28435,25
-28606
-28777,25
-28949
-29121,25
-29294
-29467,25
-29641
-29815,25
-29990
-30165,25
-30341
-30517,25
-30694
-30871,25
-31049
-31227,25
-31406
-31585,25
-31765
-31945,25
-32126
-32307,25
-32489
-32671,25
-32854
-33037,25
-33221
-33405,25
-33590
-33775,25
-33961
-34147,25
-34334
-34521,25
-34709
-34897,25
-35086
-35275,25
-35465
-35655,25
-35846
-36037,25
-36229
-36421,25
-36614
-36807,25
-37001
-37195,25
-37390
-37585,25
-37781
-37977,25
-38174
-38371,25
-38569
-38767,25
-38966
-39165,25
-39365
-39565,25
-39766
-39967,25
-40169
-40371,25
-40574
-40777,25
-40981
-41185,25
-41390
-41595,25
-41801
-42007,25
-42214
-42421,25
-42629
-42837,25
-43046
-43255,25
-43465
-43675,25
-43886
-44097,25
-44309
-44521,25
-44734
-44947,25
-45161
-45375,25
-45590
-45805,25
-46021
-46237,25
-46454
-46671,25
-46889
-47107,25
-47326
-47545,25
-47765
-47985,25
-48206
-48427,25
-48649
-48871,25
-49094
-49317,25
-49541
-49765,25
-49990
-50215,25
-50441
-50667,25
-50894
-51121,25
-51349
-51577,25
-51806
-52035,25
-52265
-52495,25
-52726
-52957,25
-53189
-53421,25
-53654
-53887,25
-54121
-54355,25
-54590
-54825,25
-55061
-55297,25
-55534
-55771,25
-56009
-56247,25
-56486
-56725,25
-56965
-57205,25
-57446
-57687,25
-57929
-58171,25
-58414
-58657,25
-58901
-59145,25
-59390
-59635,25
-59881
-60127,25
-60374
-60621,25
-60869
-61117,25
-61366
-61615,25
-61865
-62115,25
-62366
-62617,25
-62869
-63121,25
-63374
-63627,25
-63881
-64135,25
-64390
-64645,25
-64901
-65157,25
-65414
-65671,25
-65929
-66187,25
-66446
-66705,25
-66965
-67225,25
-67486
-67747,25
-68009
-68271,25
-68534
-68797,25
-69061
-69325,25
-69590
-69855,25
-70121
-70387,25
-70654
-70921,25
-71189
-71457,25
-71726
-71995,25
-72265
-72535,25
-72806
-73077,25
-73349
-73621,25
-73894
-74167,25
-74441
-74715,25
-74990
-75265,25
-75541
-75817,25
-76094
-76371,25
-76649
-76927,25
-77206
-77485,25
-77765
-78045,25
-78326
-78607,25
-78889
-79171,25
-79454
-79737,25
-80021
-80305,25
-80590
-80875,25
-81161
-81447,25
-81734
-82021,25
-82309
-82597,25
-82886
-83175,25
-83465
-83755,25
-84046
-84337,25
-84629
-84921,25
-85214
-85507,25
-85801
-86095,25
-86390
-86685,25
-86981
-87277,25
-87574
-87871,25
-88169
-88467,25
-88766
-89065,25
-89365
-89665,25
-89966
-90267,25
-90569
-90871,25
-91174
-91477,25
-91781
-92085,25
-92390
-92695,25
-93001
-93307,25
-93614
-93921,25
-94229
-94537,25
-94846
-95155,25
-95465
-95775,25
-96086
-96397,25
-96709
-97021,25
-97334
-97647,25
-97961
-98275,25
-98590
-98905,25
-99221
-99537,25
-99854
-100171,25
-100489
-100807,25
-101126
-101445,25
-101765
-102085,25
-102406
-102727,25
-103049
-103371,25
-103694
-104017,25
-104341
-104665,25
-104990
-105315,25
-105641
-105967,25
-106294
-106621,25
-106949
-107277,25
-107606
-107935,25
-108265
-108595,25
-108926
-109257,25
-109589
-109921,25
-110254
-110587,25
-110921
-111255,25
-111590
-111925,25
-112261
-112597,25
-112934
-113271,25
-113609
-113947,25
-114286
-114625,25
-114965
-115305,25
-115646
-115987,25
-116329
-116671,25
-117014
-117357,25
-117701
-118045,25
-118390
-118735,25
-119081
-119427,25
-119774
-120121,25
-120469
-120817,25
-121166
-121515,25
-121865
-122215,25
-122566
-122917,25
-123269
-123621,25
-123974
-124327,25
-124681
-125035,25
-125390
-125745,25
-126101
-126457,25
-126814
-127171,25
-127529
-127887,25
-128246
-128605,25
-128965
-129325,25
-129686
-130047,25
-130409
-130771,25
-131134
-131497,25
-131861
-132225,25
-132590
-132955,25
-133321
-133687,25
-134054
-134421,25
-134789
-135157,25
-135526
-135895,25
-136265
-136635,25
-137006
-137377,25
-137749
-138121,25
-138494
-138867,25
-139241
-139615,25
-139990
-140365,25
-140741
-141117,25
-141494
-141871,25
-142249
-142627,25
-143006
-143385,25
-143765
-144145,25
-144526
-144907,25
-145289
-145671,25
-146054
-146437,25
-146821
-147205,25
-147590
-147975,25
-148361
-148747,25
-149134
-149521,25
-149909
-150297,25
-150686
-151075,25
-151465
-151855,25
-152246
-152637,25
-153029
-153421,25
-153814
-154207,25
-154601
-154995,25
-155390
-155785,25
-156181
-156577,25
-156974
-157371,25
-157769
-158167,25
-158566
-158965,25
-159365
-159765,25
-160166
-160567,25
-160969
-161371,25
-161774
-162177,25
-162581
-162985,25
-163390
-163795,25
-164201
-164607,25
-165014
-165421,25
-165829
-166237,25
-166646
-167055,25
-167465
-167875,25
-168286
-168697,25
-169109
-169521,25
-169934
-170347,25
-170761
-171175,25
-171590
-172005,25
-172421
-172837,25
-173254
-173671,25
-174089
-174507,25
-174926
-175345,25
-175765
-176185,25
-176606
-177027,25
-177449
-177871,25
-178294
-178717,25
-179141
-179565,25
-179990
-180415,25
-180841
-181267,25
-181694
-182121,25
-182549
-182977,25
-183406
-183835,25
-184265
-184695,25
-185126
-185557,25
-185989
-186421,25
-186854
-187287,25
-187721
-188155,25
-188590
-189025,25
-189461
-189897,25
-190334
-190771,25
-191209
-191647,25
-192086
-192525,25
-192965
-193405,25
-193846
-194287,25
-194729
-195171,25
-195614
-196057,25
-196501
-196945,25
-197390
-197835,25
-198281
-198727,25
-199174
-199621,25
-200069
-200517,25
-200966
-201415,25
-201865
-202315,25
-202766
-203217,25
-203669
-204121,25
-204574
-205027,25
-205481
-205935,25
-206390
-206845,25
-207301
-207757,25
-208214
-208671,25
-209129
-209587,25
-210046
-210505,25
-210965
-211425,25
-211886
-212347,25
-212809
-213271,25
-213734
-214197,25
-214661
-215125,25
-215590
-216055,25
-216521
-216987,25
-217454
-217921,25
-218389
-218857,25
-219326
-219795,25
-220265
-220735,25
-221206
-221677,25
-222149
-222621,25
-223094
-223567,25
-224041
-224515,25
-224990
